[2022_02_09-16:33:39] *** Training-set performance: ***
               # records  Accuracy
Model seq len                     
512                12158  0.983632
1024                 146  0.500000
2048                   7  0.142857
All                12311  0.977419
[2022_02_09-16:34:04] Confusion matrix:
       0   1  10  100  1000  ...  995  996  997  998  999
0     82   0   0    0     0  ...    0    0    0    0    0
1      0  34   0    0     0  ...    0    0    0    0    0
10     0   0  14    0     0  ...    0    0    0    0    0
100    0   0   0    8     0  ...    0    0    0    0    0
1000   0   0   0    0     2  ...    0    0    0    0    0
...   ..  ..  ..  ...   ...  ...  ...  ...  ...  ...  ...
995    0   0   0    0     0  ...    1    0    0    0    0
996    0   0   0    0     0  ...    0    1    0    0    0
997    0   0   0    0     0  ...    0    0    1    0    0
998    0   0   0    0     0  ...    0    0    0    1    0
999    0   0   0    0     0  ...    0    0    0    0    1

[1195 rows x 1195 columns]
[2022_02_09-16:34:04] *** Validation-set performance: ***
               # records  Accuracy
Model seq len                     
512                  723  0.290456
1024                  11  0.181818
2048                   2  0.000000
All                  736  0.288043
[2022_02_09-16:34:13] Confusion matrix:
      0  1  10  100  1000  ...  995  996  997  998  999
0     0  0   0    0     0  ...    0    0    0    0    0
1     0  4   0    0     0  ...    0    0    0    0    0
10    0  0   0    0     0  ...    0    0    0    0    0
100   0  0   0    0     0  ...    0    0    0    0    0
1000  0  0   0    0     0  ...    0    0    0    0    0
...  .. ..  ..  ...   ...  ...  ...  ...  ...  ...  ...
995   0  0   0    0     0  ...    0    0    0    0    0
996   0  0   0    0     0  ...    0    0    0    0    0
997   0  0   0    0     0  ...    0    0    0    0    0
998   0  0   0    0     0  ...    0    0    0    0    0
999   0  0   0    0     0  ...    0    0    0    0    0

[1195 rows x 1195 columns]
[2022_02_09-16:34:13] *** Test-set performance: ***
               # records  Accuracy
Model seq len                     
512                  711  0.222222
1024                   7  0.142857
All                  718  0.221448
[2022_02_09-16:34:19] Confusion matrix:
      0  1  10  100  1000  ...  995  996  997  998  999
0     0  0   0    0     0  ...    0    0    0    0    0
1     0  6   0    0     0  ...    0    0    0    0    0
10    0  0   0    0     0  ...    0    0    0    0    0
100   0  0   0    0     0  ...    0    0    0    0    0
1000  0  0   0    0     0  ...    0    0    0    0    0
...  .. ..  ..  ...   ...  ...  ...  ...  ...  ...  ...
995   0  0   0    0     0  ...    0    0    0    0    0
996   0  0   0    0     0  ...    0    0    0    0    0
997   0  0   0    0     0  ...    0    0    0    0    0
998   0  0   0    0     0  ...    0    0    0    0    0
999   0  0   0    0     0  ...    0    0    0    0    0

[1195 rows x 1195 columns]
[2022_02_09-16:34:19] Done.